{
  "lossSurface": {
    "x": [-20, -16, -12, -8, -4, 0, 4, 8, 12, 16, 20],
    "y": [-20, -16, -12, -8, -4, 0, 4, 8, 12, 16, 20],
    "z": [
      [8.4, 6.88, 5.68, 4.8, 4.24, 4.0, 4.08, 4.48, 5.2, 6.24, 7.6],
      [6.88, 5.376, 4.192, 3.328, 2.784, 2.56, 2.656, 3.072, 3.808, 4.864, 6.24],
      [5.68, 4.192, 3.024, 2.176, 1.648, 1.44, 1.552, 1.984, 2.736, 3.808, 5.2],
      [4.8, 3.328, 2.176, 1.344, 0.832, 0.64, 0.768, 1.216, 1.984, 3.072, 4.48],
      [4.24, 2.784, 1.648, 0.832, 0.336, 0.16, 0.304, 0.768, 1.552, 2.656, 4.08],
      [4.0, 2.56, 1.44, 0.64, 0.16, 0.0, 0.16, 0.64, 1.44, 2.56, 4.0],
      [4.08, 2.656, 1.552, 0.768, 0.304, 0.16, 0.336, 0.832, 1.648, 2.784, 4.24],
      [4.48, 3.072, 1.984, 1.216, 0.768, 0.64, 0.832, 1.344, 2.176, 3.328, 4.8],
      [5.2, 3.808, 2.736, 1.984, 1.552, 1.44, 1.648, 2.176, 3.024, 4.192, 5.68],
      [6.24, 4.864, 3.808, 3.072, 2.656, 2.56, 2.784, 3.328, 4.192, 5.376, 6.88],
      [7.6, 6.24, 5.2, 4.48, 4.08, 4.0, 4.24, 4.8, 5.68, 6.88, 8.4]
    ]
  },
  "optimizers": {
    "AdamW": {
      "name": "AdamW",
      "description": "Adaptive moment estimation with decoupled weight decay",
      "equation": "θ ← θ - α·m̂/(√v̂ + ε) - λθ",
      "color": "#4FACF7",
      "finalAccuracy": 90.28,
      "timePerEpoch": 4.8,
      "convergenceTime": 1.27,
      "trajectory": [
        {"x": -15, "y": -15, "z": 5.5},
        {"x": -13.5, "y": -13.8, "z": 4.9},
        {"x": -12.2, "y": -12.5, "z": 4.3},
        {"x": -10.8, "y": -11.5, "z": 3.8},
        {"x": -9.5, "y": -10.2, "z": 3.3},
        {"x": -8.3, "y": -9.1, "z": 2.9},
        {"x": -7.2, "y": -7.8, "z": 2.5},
        {"x": -6.1, "y": -6.8, "z": 2.1},
        {"x": -5.2, "y": -5.6, "z": 1.8},
        {"x": -4.3, "y": -4.7, "z": 1.5},
        {"x": -3.6, "y": -3.8, "z": 1.2},
        {"x": -2.9, "y": -3.1, "z": 0.95},
        {"x": -2.3, "y": -2.5, "z": 0.75},
        {"x": -1.8, "y": -2.0, "z": 0.58},
        {"x": -1.4, "y": -1.6, "z": 0.44},
        {"x": -1.1, "y": -1.3, "z": 0.33},
        {"x": -0.85, "y": -1.0, "z": 0.24},
        {"x": -0.65, "y": -0.8, "z": 0.17},
        {"x": -0.48, "y": -0.6, "z": 0.12},
        {"x": -0.35, "y": -0.45, "z": 0.08},
        {"x": -0.25, "y": -0.32, "z": 0.055},
        {"x": -0.18, "y": -0.23, "z": 0.035},
        {"x": -0.12, "y": -0.15, "z": 0.02},
        {"x": -0.08, "y": -0.1, "z": 0.011},
        {"x": -0.05, "y": -0.06, "z": 0.005}
      ]
    },
    "Muon": {
      "name": "Muon",
      "description": "Orthogonal updates via SVD for 2D parameters",
      "equation": "g = UΣV^T; Δθ = -η·UV^T",
      "color": "#E87BF8",
      "finalAccuracy": 90.49,
      "timePerEpoch": 5.3,
      "convergenceTime": 1.18,
      "trajectory": [
        {"x": -16, "y": 14, "z": 5.8},
        {"x": -14.5, "y": 12.5, "z": 5.1},
        {"x": -13.1, "y": 11.2, "z": 4.5},
        {"x": -11.8, "y": 9.9, "z": 3.9},
        {"x": -10.6, "y": 8.8, "z": 3.4},
        {"x": -9.5, "y": 7.7, "z": 2.9},
        {"x": -8.4, "y": 6.8, "z": 2.5},
        {"x": -7.5, "y": 5.9, "z": 2.1},
        {"x": -6.6, "y": 5.1, "z": 1.8},
        {"x": -5.8, "y": 4.4, "z": 1.5},
        {"x": -5.1, "y": 3.8, "z": 1.25},
        {"x": -4.5, "y": 3.2, "z": 1.0},
        {"x": -3.9, "y": 2.7, "z": 0.8},
        {"x": -3.4, "y": 2.3, "z": 0.65},
        {"x": -2.9, "y": 1.9, "z": 0.52},
        {"x": -2.5, "y": 1.6, "z": 0.41},
        {"x": -2.1, "y": 1.3, "z": 0.32},
        {"x": -1.8, "y": 1.0, "z": 0.24},
        {"x": -1.5, "y": 0.8, "z": 0.18},
        {"x": -1.2, "y": 0.6, "z": 0.13},
        {"x": -0.95, "y": 0.45, "z": 0.09},
        {"x": -0.75, "y": 0.32, "z": 0.06},
        {"x": -0.58, "y": 0.22, "z": 0.04},
        {"x": -0.43, "y": 0.14, "z": 0.025},
        {"x": -0.31, "y": 0.08, "z": 0.015},
        {"x": -0.21, "y": 0.04, "z": 0.008},
        {"x": -0.13, "y": 0.02, "z": 0.003},
        {"x": -0.07, "y": 0.01, "z": 0.001}
      ]
    },
    "Falcon": {
      "name": "Falcon",
      "description": "Frequency-domain filtering with orthogonal updates",
      "equation": "Ĝ = FFTMask(∇L, ρ); Δθ = Muon(Ĝ)",
      "color": "#00F5FF",
      "finalAccuracy": 90.33,
      "timePerEpoch": 6.7,
      "convergenceTime": 1.56,
      "trajectory": [
        {"x": 15, "y": -16, "z": 5.9},
        {"x": 13.8, "y": -14.6, "z": 5.2},
        {"x": 12.6, "y": -13.3, "z": 4.6},
        {"x": 11.5, "y": -12.1, "z": 4.0},
        {"x": 10.5, "y": -11.0, "z": 3.5},
        {"x": 9.5, "y": -10.0, "z": 3.0},
        {"x": 8.6, "y": -9.0, "z": 2.6},
        {"x": 7.8, "y": -8.2, "z": 2.2},
        {"x": 7.0, "y": -7.4, "z": 1.9},
        {"x": 6.3, "y": -6.6, "z": 1.6},
        {"x": 5.6, "y": -5.9, "z": 1.35},
        {"x": 5.0, "y": -5.2, "z": 1.12},
        {"x": 4.5, "y": -4.6, "z": 0.92},
        {"x": 4.0, "y": -4.0, "z": 0.74},
        {"x": 3.5, "y": -3.5, "z": 0.59},
        {"x": 3.1, "y": -3.0, "z": 0.46},
        {"x": 2.7, "y": -2.6, "z": 0.36},
        {"x": 2.3, "y": -2.2, "z": 0.27},
        {"x": 2.0, "y": -1.9, "z": 0.20},
        {"x": 1.7, "y": -1.6, "z": 0.15},
        {"x": 1.4, "y": -1.3, "z": 0.11},
        {"x": 1.2, "y": -1.0, "z": 0.075},
        {"x": 0.95, "y": -0.8, "z": 0.05},
        {"x": 0.75, "y": -0.6, "z": 0.032},
        {"x": 0.58, "y": -0.45, "z": 0.02},
        {"x": 0.43, "y": -0.32, "z": 0.012},
        {"x": 0.31, "y": -0.22, "z": 0.006},
        {"x": 0.21, "y": -0.14, "z": 0.003},
        {"x": 0.13, "y": -0.08, "z": 0.001},
        {"x": 0.07, "y": -0.04, "z": 0.0003}
      ]
    }
  }
}
